40.000000
40.000000
40.000000
40.000000
40.000000
40.000000
40.000000
40.000000
40.000000
40.000000
40.000000
40.000000
40.000000
40.000000
40.000000
40.000000
40.000000
40.000000
40.000000
40.000000
40.000000
40.000000
40.000000
40.000000
40.000000
40.000000
40.000000
40.000000
40.000000
40.000000
40.000000
40.000000
40.000000
40.000000
40.000000
40.000000
40.000000
40.000000
40.000000
40.000000
46.000000
46.000000
46.000000
46.000000
46.000000
46.000000
46.000000
46.000000
46.000000
46.000000
46.000000
46.000000
46.000000
46.000000
46.000000
46.000000
46.000000
46.000000
46.000000
46.000000
46.000000
46.000000
46.000000
46.000000
46.000000
46.000000
46.000000
46.000000
46.000000
46.000000
46.000000
46.000000
46.000000
46.000000
46.000000
46.000000
46.000000
46.000000
46.000000
46.000000
52.000000
52.000000
52.000000
52.000000
52.000000
52.000000
52.000000
52.000000
52.000000
52.000000
52.000000
52.000000
52.000000
52.000000
52.000000
52.000000
52.000000
52.000000
52.000000
52.000000
52.000000
52.000000
52.000000
52.000000
52.000000
52.000000
52.000000
52.000000
52.000000
52.000000
52.000000
52.000000
52.000000
52.000000
52.000000
52.000000
52.000000
52.000000
52.000000
52.000000
58.000000
58.000000
58.000000
58.000000
58.000000
58.000000
58.000000
58.000000
58.000000
58.000000
58.000000
58.000000
58.000000
58.000000
58.000000
58.000000
58.000000
58.000000
58.000000
58.000000
58.000000
58.000000
58.000000
58.000000
58.000000
58.000000
58.000000
58.000000
58.000000
58.000000
58.000000
58.000000
58.000000
58.000000
58.000000
58.000000
58.000000
58.000000
58.000000
58.000000
64.000000
64.000000
64.000000
64.000000
64.000000
64.000000
64.000000
64.000000
64.000000
64.000000
64.000000
64.000000
64.000000
64.000000
64.000000
64.000000
64.000000
64.000000
64.000000
64.000000
64.000000
64.000000
64.000000
64.000000
64.000000
64.000000
64.000000
64.000000
64.000000
64.000000
64.000000
64.000000
64.000000
64.000000
64.000000
64.000000
64.000000
64.000000
64.000000
64.000000
70.000000
70.000000
70.000000
70.000000
70.000000
70.000000
70.000000
70.000000
70.000000
70.000000
70.000000
70.000000
70.000000
70.000000
70.000000
70.000000
70.000000
70.000000
70.000000
70.000000
70.000000
70.000000
70.000000
70.000000
70.000000
70.000000
70.000000
70.000000
70.000000
70.000000
70.000000
70.000000
70.000000
70.000000
70.000000
70.000000
70.000000
70.000000
70.000000
70.000000
76.000000
76.000000
76.000000
76.000000
76.000000
76.000000
76.000000
76.000000
76.000000
76.000000
76.000000
76.000000
76.000000
76.000000
76.000000
76.000000
76.000000
76.000000
76.000000
76.000000
76.000000
76.000000
76.000000
76.000000
76.000000
76.000000
76.000000
76.000000
76.000000
76.000000
76.000000
76.000000
76.000000
76.000000
76.000000
76.000000
76.000000
76.000000
76.000000
76.000000
82.000000
82.000000
82.000000
82.000000
82.000000
82.000000
82.000000
82.000000
82.000000
82.000000
82.000000
82.000000
82.000000
82.000000
82.000000
82.000000
82.000000
82.000000
82.000000
82.000000
82.000000
82.000000
82.000000
82.000000
82.000000
82.000000
82.000000
82.000000
82.000000
82.000000
82.000000
82.000000
82.000000
82.000000
82.000000
82.000000
82.000000
82.000000
82.000000
82.000000
88.000000
88.000000
88.000000
88.000000
88.000000
88.000000
88.000000
88.000000
88.000000
88.000000
88.000000
88.000000
88.000000
88.000000
88.000000
88.000000
88.000000
88.000000
88.000000
88.000000
88.000000
88.000000
88.000000
88.000000
88.000000
88.000000
88.000000
88.000000
88.000000
88.000000
88.000000
88.000000
88.000000
88.000000
88.000000
88.000000
88.000000
88.000000
88.000000
88.000000
94.000000
94.000000
94.000000
94.000000
94.000000
94.000000
94.000000
94.000000
94.000000
94.000000
94.000000
94.000000
94.000000
94.000000
94.000000
94.000000
94.000000
94.000000
94.000000
94.000000
94.000000
94.000000
94.000000
94.000000
94.000000
94.000000
94.000000
94.000000
94.000000
94.000000
94.000000
94.000000
94.000000
94.000000
94.000000
94.000000
94.000000
94.000000
94.000000
94.000000
100.000000
100.000000
100.000000
100.000000
100.000000
100.000000
100.000000
100.000000
100.000000
100.000000
100.000000
100.000000
100.000000
100.000000
100.000000
100.000000
100.000000
100.000000
100.000000
100.000000
100.000000
100.000000
100.000000
100.000000
100.000000
100.000000
100.000000
100.000000
100.000000
100.000000
100.000000
100.000000
100.000000
100.000000
100.000000
100.000000
100.000000
100.000000
100.000000
100.000000
106.000000
106.000000
106.000000
106.000000
106.000000
106.000000
106.000000
106.000000
106.000000
106.000000
106.000000
106.000000
106.000000
106.000000
106.000000
106.000000
106.000000
106.000000
106.000000
106.000000
106.000000
106.000000
106.000000
106.000000
106.000000
106.000000
106.000000
106.000000
106.000000
106.000000
106.000000
106.000000
106.000000
106.000000
106.000000
106.000000
106.000000
106.000000
106.000000
106.000000
112.000000
112.000000
112.000000
112.000000
112.000000
112.000000
112.000000
112.000000
112.000000
112.000000
112.000000
112.000000
112.000000
112.000000
112.000000
112.000000
112.000000
112.000000
112.000000
112.000000
112.000000
112.000000
112.000000
112.000000
112.000000
112.000000
112.000000
112.000000
112.000000
112.000000
112.000000
112.000000
112.000000
112.000000
112.000000
112.000000
112.000000
112.000000
112.000000
112.000000
118.000000
118.000000
118.000000
118.000000
118.000000
118.000000
118.000000
118.000000
118.000000
118.000000
118.000000
118.000000
118.000000
118.000000
118.000000
118.000000
118.000000
118.000000
118.000000
118.000000
118.000000
118.000000
118.000000
118.000000
118.000000
118.000000
118.000000
118.000000
118.000000
118.000000
118.000000
118.000000
118.000000
118.000000
118.000000
118.000000
118.000000
118.000000
118.000000
118.000000
124.000000
124.000000
124.000000
124.000000
124.000000
124.000000
124.000000
124.000000
124.000000
124.000000
124.000000
124.000000
124.000000
124.000000
124.000000
124.000000
124.000000
124.000000
124.000000
124.000000
124.000000
124.000000
124.000000
124.000000
124.000000
124.000000
124.000000
124.000000
124.000000
124.000000
124.000000
124.000000
124.000000
124.000000
124.000000
124.000000
124.000000
124.000000
124.000000
124.000000
130.000000
130.000000
130.000000
130.000000
130.000000
130.000000
130.000000
130.000000
130.000000
130.000000
130.000000
130.000000
130.000000
130.000000
130.000000
130.000000
130.000000
130.000000
130.000000
130.000000
130.000000
130.000000
130.000000
130.000000
130.000000
130.000000
130.000000
130.000000
130.000000
130.000000
130.000000
130.000000
130.000000
130.000000
130.000000
130.000000
130.000000
130.000000
130.000000
130.000000
136.000000
136.000000
136.000000
136.000000
136.000000
136.000000
136.000000
136.000000
136.000000
136.000000
136.000000
136.000000
136.000000
136.000000
136.000000
136.000000
136.000000
136.000000
136.000000
136.000000
136.000000
136.000000
136.000000
136.000000
136.000000
136.000000
136.000000
136.000000
136.000000
136.000000
136.000000
136.000000
136.000000
136.000000
136.000000
136.000000
136.000000
136.000000
136.000000
136.000000
142.000000
142.000000
142.000000
142.000000
142.000000
142.000000
142.000000
142.000000
142.000000
142.000000
142.000000
142.000000
142.000000
142.000000
142.000000
142.000000
142.000000
142.000000
142.000000
142.000000
142.000000
142.000000
142.000000
142.000000
142.000000
142.000000
142.000000
142.000000
142.000000
142.000000
142.000000
142.000000
142.000000
142.000000
142.000000
142.000000
142.000000
142.000000
142.000000
142.000000
148.000000
148.000000
148.000000
148.000000
148.000000
148.000000
148.000000
148.000000
148.000000
148.000000
148.000000
148.000000
148.000000
148.000000
148.000000
148.000000
148.000000
148.000000
148.000000
148.000000
148.000000
148.000000
148.000000
148.000000
148.000000
148.000000
148.000000
148.000000
148.000000
148.000000
148.000000
148.000000
148.000000
148.000000
148.000000
148.000000
148.000000
148.000000
148.000000
148.000000
154.000000
154.000000
154.000000
154.000000
154.000000
154.000000
154.000000
154.000000
154.000000
154.000000
154.000000
154.000000
154.000000
154.000000
154.000000
154.000000
154.000000
154.000000
154.000000
154.000000
154.000000
154.000000
154.000000
154.000000
154.000000
154.000000
154.000000
154.000000
154.000000
154.000000
154.000000
154.000000
154.000000
154.000000
154.000000
154.000000
154.000000
154.000000
154.000000
154.000000
160.000000
160.000000
160.000000
160.000000
160.000000
160.000000
160.000000
160.000000
160.000000
160.000000
160.000000
160.000000
160.000000
160.000000
160.000000
160.000000
160.000000
160.000000
160.000000
160.000000
160.000000
160.000000
160.000000
160.000000
160.000000
160.000000
160.000000
160.000000
160.000000
160.000000
160.000000
160.000000
160.000000
160.000000
160.000000
160.000000
160.000000
160.000000
160.000000
160.000000
166.000000
166.000000
166.000000
166.000000
166.000000
166.000000
166.000000
166.000000
166.000000
166.000000
166.000000
166.000000
166.000000
166.000000
166.000000
166.000000
166.000000
166.000000
166.000000
166.000000
166.000000
166.000000
166.000000
166.000000
166.000000
166.000000
166.000000
166.000000
166.000000
166.000000
166.000000
166.000000
166.000000
166.000000
166.000000
166.000000
166.000000
166.000000
166.000000
166.000000
172.000000
172.000000
172.000000
172.000000
172.000000
172.000000
172.000000
172.000000
172.000000
172.000000
172.000000
172.000000
172.000000
172.000000
172.000000
172.000000
172.000000
172.000000
172.000000
172.000000
172.000000
172.000000
172.000000
172.000000
172.000000
172.000000
172.000000
172.000000
172.000000
172.000000
172.000000
172.000000
172.000000
172.000000
172.000000
172.000000
172.000000
172.000000
172.000000
172.000000
178.000000
178.000000
178.000000
178.000000
178.000000
178.000000
178.000000
178.000000
178.000000
178.000000
178.000000
178.000000
178.000000
178.000000
178.000000
178.000000
178.000000
178.000000
178.000000
178.000000
178.000000
178.000000
178.000000
178.000000
178.000000
178.000000
178.000000
178.000000
178.000000
178.000000
178.000000
178.000000
178.000000
178.000000
178.000000
178.000000
178.000000
178.000000
178.000000
178.000000
184.000000
184.000000
184.000000
184.000000
184.000000
184.000000
184.000000
184.000000
184.000000
184.000000
184.000000
184.000000
184.000000
184.000000
184.000000
184.000000
184.000000
184.000000
184.000000
184.000000
184.000000
184.000000
184.000000
184.000000
184.000000
184.000000
184.000000
184.000000
184.000000
184.000000
184.000000
184.000000
184.000000
184.000000
184.000000
184.000000
184.000000
184.000000
184.000000
184.000000
190.000000
190.000000
190.000000
190.000000
190.000000
190.000000
190.000000
190.000000
190.000000
190.000000
190.000000
190.000000
190.000000
190.000000
190.000000
190.000000
190.000000
190.000000
190.000000
190.000000
190.000000
190.000000
190.000000
190.000000
190.000000
190.000000
190.000000
190.000000
190.000000
190.000000
190.000000
190.000000
190.000000
190.000000
190.000000
190.000000
190.000000
190.000000
190.000000
190.000000
196.000000
196.000000
196.000000
196.000000
196.000000
196.000000
196.000000
196.000000
196.000000
196.000000
196.000000
196.000000
196.000000
196.000000
196.000000
196.000000
196.000000
196.000000
196.000000
196.000000
196.000000
196.000000
196.000000
196.000000
196.000000
196.000000
196.000000
196.000000
196.000000
196.000000
196.000000
196.000000
196.000000
196.000000
196.000000
196.000000
196.000000
196.000000
196.000000
196.000000