63.4349
65.5560
67.3801
68.9625
70.3462
71.5651
72.6460
73.6105
74.4759
75.2564
75.9638
76.6075
77.1957
77.7352
78.2317
78.6901
79.1145
79.5085
79.8753
80.2176
80.5377
80.8377
81.1193
81.3844
81.6341
81.8699
82.0928
82.3039
82.5041
82.6942
82.8750
83.0470
83.2110
83.3675
83.5169
83.6598
83.7966
83.9275
84.0531
84.1737
60.1011
62.4027
64.3978
66.1398
67.6713
69.0265
70.2328
71.3126
72.2842
73.1625
73.9601
74.6872
75.3526
75.9638
76.5268
77.0472
77.5295
77.9777
78.3952
78.7851
79.1499
79.4920
79.8134
80.1159
80.4011
80.6705
80.9252
81.1666
81.3955
81.6130
81.8198
82.0167
82.2044
82.3835
82.5547
82.7183
82.8750
83.0251
83.1690
83.3071
56.9761
59.4208
61.5571
63.4349
65.0952
66.5713
67.8906
69.0755
70.1448
71.1139
71.9958
72.8015
73.5400
74.2192
74.8459
75.4258
75.9638
76.4641
76.9307
77.3666
77.7749
78.1579
78.5180
78.8571
79.1770
79.4792
79.7652
80.0362
80.2933
80.5377
80.7701
80.9915
81.2026
81.4041
81.5966
81.7808
81.9571
82.1261
82.2881
82.4437
54.0579
56.6115
58.8610
60.8519
62.6223
64.2040
65.6235
66.9032
68.0615
69.1142
70.0744
70.9534
71.7606
72.5042
73.1913
73.8278
74.4191
74.9696
75.4833
75.9638
76.4140
76.8368
77.2344
77.6091
77.9628
78.2971
78.6136
78.9136
79.1984
79.4691
79.7267
79.9721
80.2062
80.4297
80.6433
80.8477
81.0434
81.2309
81.4109
81.5836
51.3402
53.9726
56.3099
58.3925
60.2551
61.9275
63.4349
64.7989
66.0375
67.1663
68.1986
69.1455
70.0169
70.8210
71.5651
72.2553
72.8973
73.4956
74.0546
74.5778
75.0686
75.5297
75.9638
76.3730
76.7595
77.1250
77.4712
77.7995
78.1113
78.4078
78.6901
78.9591
79.2157
79.4608
79.6952
79.9194
80.1342
80.3401
80.5377
80.7274
48.8141
51.4993
53.9017
56.0564
57.9946
59.7436
61.3269
62.7649
64.0751
65.2727
66.3706
67.3801
68.3109
69.1714
69.9690
70.7100
71.3999
72.0438
72.6460
73.2102
73.7398
74.2379
74.7070
75.1497
75.5679
75.9638
76.3388
76.6948
77.0329
77.3546
77.6609
77.9530
78.2317
78.4980
78.7527
78.9965
79.2300
79.4540
79.6689
79.8753
46.4688
49.1849
51.6325
53.8418
55.8403
57.6526
59.3003
60.8025
62.1759
63.4349
64.5923
65.6589
66.6444
67.5572
68.4047
69.1932
69.9285
70.6155
71.2587
71.8619
72.4287
72.9622
73.4652
73.9400
74.3890
74.8142
75.2173
75.6000
75.9638
76.3100
76.6398
76.9544
77.2547
77.5418
77.8163
78.0793
78.3312
78.5729
78.8049
79.0278
44.2927
47.0214
49.4972
51.7456
53.7905
55.6539
57.3554
58.9125
60.3409
61.6543
62.8649
63.9832
65.0188
65.9798
66.8735
67.7064
68.4841
69.2118
69.8938
70.5341
71.1364
71.7038
72.2391
72.7449
73.2235
73.6770
74.1072
74.5158
74.9045
75.2745
75.6272
75.9638
76.2852
76.5925
76.8866
77.1682
77.4382
77.6973
77.9460
78.1850
42.2737
45.0000
47.4896
49.7636
51.8428
53.7462
55.4915
57.0948
58.5704
59.9314
61.1892
62.3540
63.4349
64.4400
65.3764
66.2505
67.0679
67.8337
68.5523
69.2277
69.8637
70.4633
71.0296
71.5651
72.0721
72.5528
73.0092
73.4429
73.8557
74.2488
74.6237
74.9816
75.3236
75.6507
75.9638
76.2637
76.5514
76.8274
77.0926
77.3474
40.3999
43.1118
45.6031
47.8913
49.9937
51.9272
53.7074
55.3487
56.8644
58.2665
59.5658
60.7719
61.8937
62.9389
63.9144
64.8265
65.6807
66.4820
67.2350
67.9436
68.6114
69.2417
69.8374
70.4012
70.9355
71.4424
71.9239
72.3818
72.8178
73.2334
73.6298
74.0085
74.3704
74.7167
75.0483
75.3662
75.6711
75.9638
76.2450
76.5153
38.6598
41.3478
43.8309
46.1233
48.2397
50.1944
52.0013
53.6732
55.2222
56.6593
57.9946
59.2373
60.3955
61.4769
62.4880
63.4349
64.3232
65.1576
65.9427
66.6823
67.3801
68.0394
68.6631
69.2539
69.8142
70.3462
70.8519
71.3331
71.7915
72.2287
72.6460
73.0447
73.4260
73.7910
74.1406
74.4759
74.7976
75.1065
75.4034
75.6890
37.0425
39.6991
42.1659
44.4543
46.5766
48.5448
50.3710
52.0667
53.6428
55.1093
56.4755
57.7500
58.9406
60.0543
61.0976
62.0764
62.9959
63.8609
64.6758
65.4445
66.1706
66.8572
67.5074
68.1238
68.7088
69.2648
69.7936
70.2971
70.7771
71.2351
71.6725
72.0907
72.4908
72.8739
73.2410
73.5932
73.9313
74.2561
74.5683
74.8686
35.5377
38.1572
40.6013
42.8789
45.0000
46.9749
48.8141
50.5275
52.1250
53.6156
55.0080
56.3099
57.5288
58.6713
59.7436
60.7512
61.6992
62.5924
63.4349
64.2307
64.9831
65.6955
66.3706
67.0113
67.6199
68.1986
68.7495
69.2744
69.7751
70.2532
70.7100
71.1468
71.5651
71.9657
72.3499
72.7185
73.0725
73.4127
73.7398
74.0546
34.1359
36.7142
39.1304
41.3915
43.5057
45.4815
47.3278
49.0536
50.6673
52.1772
53.5912
54.9165
56.1599
57.3278
58.4258
59.4594
60.4334
61.3524
62.2204
63.0412
63.8182
64.5546
65.2533
65.9168
66.5477
67.1481
67.7200
68.2654
68.7859
69.2831
69.7585
70.2135
70.6492
71.0668
71.4674
71.8520
72.2214
72.5766
72.9182
73.2471
32.8285
35.3625
37.7468
39.9869
42.0892
44.0608
45.9094
47.6425
49.2679
50.7928
52.2243
53.5691
54.8336
56.0235
57.1443
58.2011
59.1986
60.1410
61.0323
61.8763
62.6761
63.4349
64.1556
64.8407
65.4926
66.1135
66.7054
67.2703
67.8097
68.3254
68.8187
69.2910
69.7435
70.1775
70.5940
70.9940
71.3784
71.7481
72.1039
72.4465
31.6075
34.0950
36.4444
38.6598
40.7462
42.7094
44.5559
46.2922
47.9250
49.4608
50.9061
52.2670
53.5491
54.7580
55.8987
56.9761
57.9946
58.9583
59.8710
60.7361
61.5571
62.3368
63.0780
63.7832
64.4549
65.0952
65.7061
66.2894
66.8469
67.3801
67.8906
68.3795
68.8483
69.2981
69.7299
70.1448
70.5437
70.9274
71.2969
71.6528
30.4655
32.9052
35.2176
37.4054
39.4725
41.4237
43.2643
45.0000
46.6366
48.1798
49.6355
51.0090
52.3058
53.5308
54.6888
55.7843
56.8215
57.8043
58.7363
59.6209
60.4612
61.2602
62.0205
62.7447
63.4349
64.0935
64.7223
65.3231
65.8978
66.4477
66.9745
67.4794
67.9638
68.4287
68.8753
69.3045
69.7174
70.1148
70.4976
70.8664
29.3961
31.7873
34.0609
36.2188
38.2640
40.2002
42.0318
43.7636
45.4007
46.9481
48.4109
49.7942
51.1028
52.3412
53.5140
54.6252
55.6789
56.6788
57.6282
58.5305
59.3886
60.2054
60.9834
61.7251
62.4328
63.1085
63.7541
64.3716
64.9625
65.5284
66.0707
66.5909
67.0902
67.5696
68.0304
68.4735
68.8999
69.3105
69.7060
70.0873
28.3930
30.7355
32.9694
35.0958
37.1169
39.0355
40.8554
42.5805
44.2152
45.7639
47.2312
48.6215
49.9392
51.1886
52.3738
53.4986
54.5667
55.5816
56.5467
57.4649
58.3392
59.1723
59.9667
60.7247
61.4486
62.1403
62.8019
63.4349
64.0412
64.6223
65.1795
65.7142
66.2277
66.7211
67.1955
67.6519
68.0913
68.5146
68.9225
69.3159
27.4510
29.7449
31.9384
34.0321
36.0274
37.9265
39.7323
41.4483
43.0780
44.6255
46.0947
47.4896
48.8141
50.0721
51.2675
52.4037
53.4843
54.5125
55.4915
56.4241
57.3131
58.1611
58.9705
59.7436
60.4825
61.1892
61.8656
62.5134
63.1342
63.7295
64.3008
64.8494
65.3764
65.8832
66.3706
66.8398
67.2917
67.7272
68.1472
68.5523
26.5651
28.8108
30.9638
33.0239
34.9920
36.8699
38.6598
40.3645
41.9872
43.5312
45.0000
46.3972
47.7263
48.9909
50.1944
51.3402
52.4314
53.4711
54.4623
55.4077
56.3099
57.1715
57.9946
58.7816
59.5345
60.2551
60.9454
61.6070
62.2415
62.8503
63.4349
63.9967
64.5367
65.0561
65.5560
66.0375
66.5014
66.9487
67.3801
67.7965
25.7307
27.9290
30.0414
32.0674
34.0075
35.8628
37.6353
39.3270
40.9407
42.4792
43.9456
45.3431
46.6748
47.9440
49.1539
50.3073
51.4074
52.4571
53.4589
54.4156
55.3297
56.2034
57.0391
57.8388
58.6045
59.3381
60.0413
60.7158
61.3631
61.9847
62.5820
63.1561
63.7084
64.2400
64.7519
65.2450
65.7205
66.1791
66.6216
67.0488
24.9439
27.0956
29.1676
31.1593
33.0707
34.9025
36.6561
38.3333
39.9364
41.4677
42.9300
44.3260
45.6585
46.9306
48.1450
49.3045
50.4119
51.4698
52.4809
53.4475
54.3721
55.2568
56.1038
56.9151
57.6927
58.4382
59.1534
59.8399
60.4993
61.1328
61.7420
62.3279
62.8919
63.4349
63.9582
64.4626
64.9490
65.4184
65.8716
66.3093
24.2010
26.3070
28.3391
30.2964
32.1787
33.9862
35.7200
37.3815
38.9725
40.4951
41.9516
43.3445
44.6763
45.9496
47.1669
48.3309
49.4441
50.5089
51.5278
52.5031
53.4369
54.3314
55.1886
56.0105
56.7988
57.5553
58.2816
58.9793
59.6499
60.2947
60.9150
61.5121
62.0871
62.6411
63.1751
63.6902
64.1871
64.6669
65.1303
65.5781
23.4986
25.5600
27.5528
29.4759
31.3287
33.1113
34.8245
36.4692
38.0470
39.5597
41.0091
42.3974
43.7270
45.0000
46.2189
47.3859
48.5035
49.5739
50.5993
51.5819
52.5238
53.4270
54.2933
55.1247
55.9228
56.6894
57.4259
58.1340
58.8150
59.4703
60.1011
60.7086
61.2940
61.8584
62.4027
62.9279
63.4349
63.9246
64.3978
64.8552
22.8337
24.8516
26.8058
28.6949
30.5182
32.2756
33.9675
35.5947
37.1583
38.6598
40.1009
41.4835
42.8094
44.0809
45.3000
46.4688
47.5895
48.6642
49.6949
50.6837
51.6325
52.5432
53.4177
54.2575
55.0646
55.8403
56.5863
57.3039
57.9946
58.6597
59.3003
59.9176
60.5129
61.0870
61.6410
62.1759
62.6925
63.1917
63.6742
64.1408
22.2035
24.1791
26.0954
27.9510
29.7449
31.4768
33.1470
34.7559
36.3045
37.7939
39.2257
40.6013
41.9225
43.1913
44.4093
45.5787
46.7014
47.7792
48.8141
49.8080
50.7626
51.6799
52.5614
53.4089
54.2239
55.0080
55.7625
56.4890
57.1886
57.8628
58.5125
59.1391
59.7436
60.3269
60.8901
61.4342
61.9598
62.4680
62.9595
63.4349