22.14
22.81
23.50
24.19
24.88
25.56
26.24
26.91
27.57
28.22
28.86
29.49
30.12
30.73
31.33
31.92
32.51
33.09
33.65
34.21
34.77
35.31
35.85
36.38
36.90
37.42
37.93
38.43
38.93
39.42
39.91
40.39
40.86
41.33
41.80
42.26
42.71
43.17
43.61
44.05
22.84
23.43
24.05
24.68
25.33
25.97
26.61
27.25
27.89
28.51
29.13
29.75
30.35
30.95
31.54
32.12
32.70
33.26
33.82
34.37
34.92
35.45
35.98
36.51
37.03
37.54
38.04
38.54
39.03
39.52
40.01
40.48
40.95
41.42
41.88
42.34
42.79
43.24
43.69
44.13
23.61
24.12
24.67
25.24
25.83
26.43
27.03
27.64
28.24
28.84
29.44
30.03
30.62
31.20
31.78
32.35
32.91
33.46
34.01
34.55
35.09
35.62
36.14
36.66
37.17
37.67
38.17
38.67
39.16
39.64
40.12
40.59
41.06
41.52
41.98
42.44
42.89
43.33
43.77
44.21
24.45
24.87
25.34
25.85
26.38
26.93
27.50
28.06
28.64
29.21
29.78
30.35
30.92
31.48
32.04
32.59
33.14
33.69
34.22
34.75
35.28
35.80
36.32
36.82
37.33
37.83
38.32
38.81
39.29
39.77
40.24
40.71
41.18
41.64
42.09
42.54
42.99
43.43
43.87
44.30
25.36
25.68
26.07
26.51
26.98
27.48
28.00
28.53
29.07
29.61
30.16
30.70
31.25
31.79
32.33
32.87
33.40
33.93
34.46
34.98
35.49
36.00
36.51
37.01
37.50
38.00
38.48
38.96
39.44
39.91
40.38
40.85
41.31
41.76
42.21
42.66
43.10
43.54
43.98
44.41
26.31
26.53
26.84
27.21
27.63
28.07
28.54
29.03
29.54
30.05
30.56
31.08
31.60
32.13
32.65
33.17
33.68
34.20
34.71
35.22
35.72
36.22
36.72
37.21
37.70
38.18
38.66
39.13
39.61
40.07
40.53
40.99
41.45
41.90
42.34
42.79
43.23
43.66
44.09
44.52
27.31
27.44
27.66
27.96
28.31
28.70
29.13
29.57
30.04
30.51
31.00
31.49
31.99
32.49
32.99
33.49
33.99
34.49
34.98
35.48
35.97
36.46
36.95
37.43
37.91
38.38
38.85
39.32
39.78
40.24
40.70
41.15
41.60
42.05
42.49
42.93
43.36
43.79
44.22
44.64
28.35
28.38
28.52
28.75
29.03
29.37
29.74
30.14
30.57
31.01
31.46
31.93
32.40
32.87
33.35
33.83
34.32
34.80
35.28
35.76
36.24
36.72
37.19
37.66
38.13
38.60
39.06
39.52
39.97
40.43
40.88
41.32
41.77
42.21
42.64
43.08
43.51
43.93
44.36
44.78
29.43
29.37
29.42
29.57
29.79
30.07
30.39
30.75
31.13
31.53
31.96
32.39
32.83
33.28
33.74
34.20
34.66
35.13
35.59
36.06
36.53
36.99
37.45
37.91
38.37
38.83
39.28
39.73
40.18
40.63
41.07
41.51
41.94
42.38
42.81
43.24
43.66
44.08
44.50
44.92
30.55
30.38
30.35
30.43
30.58
30.80
31.07
31.38
31.72
32.09
32.47
32.88
33.29
33.72
34.15
34.59
35.03
35.48
35.93
36.38
36.83
37.28
37.73
38.18
38.63
39.07
39.52
39.96
40.40
40.84
41.27
41.70
42.13
42.56
42.99
43.41
43.83
44.24
44.66
45.07
31.69
31.43
31.32
31.32
31.41
31.56
31.78
32.04
32.34
32.67
33.02
33.39
33.78
34.17
34.58
35.00
35.42
35.85
36.28
36.72
37.15
37.59
38.02
38.46
38.90
39.33
39.77
40.20
40.63
41.06
41.49
41.91
42.33
42.76
43.17
43.59
44.00
44.42
44.82
45.23
32.87
32.51
32.31
32.23
32.25
32.35
32.52
32.73
32.98
33.27
33.59
33.93
34.28
34.65
35.04
35.43
35.83
36.24
36.65
37.07
37.49
37.91
38.33
38.76
39.18
39.61
40.03
40.45
40.87
41.29
41.71
42.13
42.55
42.96
43.37
43.78
44.19
44.60
45.00
45.40
34.06
33.61
33.33
33.18
33.13
33.17
33.28
33.44
33.65
33.90
34.18
34.48
34.81
35.15
35.51
35.88
36.26
36.65
37.04
37.44
37.84
38.25
38.66
39.07
39.48
39.89
40.31
40.72
41.13
41.54
41.95
42.36
42.77
43.18
43.58
43.99
44.39
44.79
45.18
45.58
35.28
34.73
34.37
34.14
34.03
34.01
34.06
34.18
34.34
34.55
34.79
35.06
35.36
35.67
36.00
36.35
36.70
37.07
37.45
37.83
38.21
38.60
39.00
39.40
39.79
40.20
40.60
41.00
41.40
41.80
42.20
42.61
43.01
43.40
43.80
44.20
44.59
44.99
45.38
45.77
36.52
35.88
35.43
35.13
34.95
34.87
34.87
34.93
35.05
35.22
35.42
35.66
35.92
36.21
36.51
36.83
37.17
37.51
37.87
38.23
38.60
38.97
39.35
39.74
40.12
40.51
40.90
41.29
41.68
42.07
42.47
42.86
43.25
43.64
44.03
44.42
44.81
45.20
45.58
45.97
37.78
37.04
36.51
36.14
35.89
35.75
35.70
35.71
35.79
35.91
36.08
36.28
36.51
36.76
37.04
37.34
37.65
37.97
38.31
38.65
39.00
39.36
39.72
40.09
40.46
40.84
41.22
41.60
41.98
42.36
42.74
43.12
43.51
43.89
44.27
44.65
45.04
45.42
45.80
46.17
39.05
38.22
37.61
37.16
36.85
36.65
36.54
36.51
36.54
36.62
36.75
36.91
37.11
37.34
37.59
37.86
38.14
38.44
38.76
39.08
39.42
39.76
40.11
40.46
40.82
41.18
41.54
41.91
42.28
42.65
43.03
43.40
43.77
44.15
44.52
44.90
45.27
45.64
46.02
46.39
40.34
39.42
38.72
38.21
37.83
37.57
37.40
37.32
37.31
37.35
37.44
37.57
37.73
37.93
38.15
38.39
38.66
38.93
39.23
39.53
39.85
40.17
40.50
40.84
41.18
41.53
41.88
42.24
42.60
42.96
43.32
43.69
44.05
44.42
44.78
45.15
45.52
45.88
46.25
46.61
41.64
40.63
39.85
39.26
38.82
38.50
38.28
38.15
38.09
38.09
38.14
38.24
38.37
38.53
38.73
38.94
39.18
39.44
39.71
39.99
40.29
40.60
40.91
41.23
41.56
41.90
42.24
42.58
42.93
43.28
43.63
43.98
44.34
44.69
45.05
45.41
45.77
46.13
46.49
46.85
42.95
41.85
41.00
40.34
39.83
39.45
39.18
39.00
38.89
38.85
38.86
38.92
39.02
39.16
39.32
39.51
39.72
39.95
40.20
40.47
40.75
41.03
41.33
41.64
41.95
42.27
42.60
42.93
43.27
43.60
43.94
44.29
44.63
44.98
45.33
45.68
46.03
46.38
46.74
47.09
44.27
43.09
42.16
41.42
40.85
40.41
40.09
39.86
39.71
39.62
39.60
39.62
39.69
39.79
39.93
40.09
40.28
40.49
40.71
40.96
41.21
41.49
41.77
42.06
42.36
42.66
42.97
43.29
43.61
43.94
44.27
44.61
44.94
45.28
45.62
45.96
46.30
46.65
46.99
47.34
45.60
44.33
43.32
42.52
41.89
41.39
41.01
40.73
40.54
40.41
40.35
40.34
40.37
40.44
40.55
40.68
40.85
41.03
41.24
41.46
41.70
41.95
42.21
42.49
42.77
43.06
43.36
43.66
43.97
44.29
44.61
44.93
45.26
45.59
45.92
46.25
46.58
46.92
47.26
47.59
46.95
45.59
44.50
43.63
42.93
42.38
41.95
41.62
41.38
41.21
41.11
41.06
41.06
41.10
41.18
41.29
41.43
41.59
41.77
41.97
42.19
42.42
42.67
42.93
43.19
43.47
43.76
44.05
44.34
44.65
44.96
45.27
45.58
45.90
46.22
46.55
46.87
47.20
47.53
47.86
48.30
46.86
45.69
44.75
43.99
43.38
42.90
42.52
42.23
42.03
41.88
41.80
41.77
41.78
41.83
41.91
42.02
42.16
42.32
42.50
42.70
42.91
43.14
43.38
43.63
43.89
44.16
44.44
44.72
45.02
45.31
45.61
45.92
46.23
46.54
46.85
47.17
47.49
47.81
48.13
49.66
48.13
46.89
45.88
45.06
44.39
43.85
43.43
43.10
42.85
42.67
42.55
42.49
42.46
42.48
42.54
42.62
42.74
42.87
43.03
43.21
43.41
43.62
43.84
44.08
44.32
44.58
44.84
45.11
45.39
45.68
45.97
46.26
46.56
46.86
47.17
47.48
47.79
48.10
48.41
51.02
49.41
48.09
47.02
46.13
45.41
44.82
44.35
43.98
43.69
43.47
43.31
43.21
43.16
43.15
43.18
43.24
43.33
43.44
43.58
43.74
43.91
44.11
44.31
44.53
44.76
45.00
45.25
45.51
45.78
46.05
46.33
46.61
46.90
47.19
47.49
47.79
48.09
48.40
48.70
52.39
50.70
49.31
48.16
47.22
46.44
45.80
45.28
44.86
44.53
44.28
44.09
43.95
43.87
43.83
43.83
43.87
43.93
44.02
44.14
44.28
44.43
44.61
44.80
45.00
45.21
45.44
45.68
45.92
46.17
46.44
46.70
46.97
47.25
47.53
47.82
48.11
48.40
48.70
49.00